925203 254571
21933 394803
511147 612490
479638 170957
951721 745634
802469 676777
161958 109381
950079 939300
976994 172094
131374 751456
22072 701503
978213 204933
223649 577409
494448 17987
825408 114863
699952 754213
209609 521746
759535 425601
860115 903172
533602 740088
855429 334411
146427 298997
924606 188917
322785 508418
764630 124352
19276 801851
87709 25881
17563 838650
983715 649705
658989 272628
595377 883348
763612 583805
925141 200010
362451 975333
443766 911741
941718 544722
210168 262502
775714 108002
515493 433864
614058 729436
320635 442256
557353 903225
458031 852664
74085 494524
812843 469398
365998 487887
233234 917511
443762 369100
791730 939005
33529 74504
373071 344764
89791 650045
466283 141895
112582 530631
521633 754615
804348 922028
799531 318591
976803 246508
27059 166848
272733 509065
503931 241310
946965 626460
454416 774891
810436 756292
62978 140460
624326 455220
974666 553331
297590 295514
802544 546885
219146 393860
231128 488210
379755 18666
482215 884806
771076 734505
341849 94993
701508 158046
979047 550088
417499 341828
400723 86740
313260 199484
525011 59894
527675 559806
798074 749074
492800 671315
416810 874496
345191 863902
292754 545347
99825 562825
897957 862110
450115 865774
789685 951974
544119 510614
888833 901590
332313 550521
337836 555916
93471 49524
734394 934622
472141 269053
347061 389384
863797 706245
291537 152388
721021 841176
972589 884536
789740 763581
632856 19214
329489 531734
547792 636173
583124 696252
481559 948757
971171 764767
831216 973400
356430 45420
939148 484850
796423 87085
593809 301961
582268 404449
780007 696300
229345 75512
951036 463084
158027 504463
333750 140320
709223 656368
489087 289825
380177 306134
733169 309184
132339 51811
930572 633135
133063 670408
399498 338852
306405 47075
899750 967616
645045 640856
559053 763427
847986 828969
247584 768781
115107 4771
59755 427324
478638 17014
891180 261952
55599 773607
776662 845831
456819 958050
316067 655421
348609 778606
456726 862360
958089 511060
414676 930365
644458 973479
642585 87944
558054 304279
529601 394489
949973 324433
934648 601691
455992 571650
773857 835953
424279 577515
669219 867870
160428 521162
947779 626717
118956 264735
281468 229302
404682 798226
9652 30928
637066 845190
988774 352096
305638 403776
219808 503530
134537 540333
767161 436067
313119 979599
477249 718889
824829 302707
867566 856517
501296 393815
965756 336250
954612 461443
708704 980454
361592 493978
282835 232173
200310 104621
881518 76524
162269 4749
820201 417098
402127 523785
929642 319953
162336 536965
858139 217061
908451 411523
496706 160833
484936 90441
599057 13325
315555 605511
869219 10234
608198 616086
764818 934271
60369 149196
188173 750718
80597 837505
616885 221328
106156 599513
734035 467158
585314 29759
166778 750094
112795 595325
353500 364371
682321 308882
317275 369939
437882 913618
756396 769596
714437 907907
14670 136968
491776 597375
690724 873314
802275 760128
259024 467516
906149 166816
49186 826206
793227 159264
717323 974172
540178 21106
457625 572560
302190 37689
812038 610053
54701 500225
125083 988734
721430 52832
456175 685247
879389 923363
115920 780373
997822 103414
2582 672769
178421 792171
604363 279228
714158 540809
116201 969217
983239 506541
49681 279765
637040 657018
121360 981908
804610 77890
165110 867698
38337 970726
227100 304492
264085 693505
789284 133928
96514 412525
446113 83508
79511 101680
258030 909721
19345 561093
928636 242608
855937 304657
799245 920218
878490 625616
855111 38871
202960 42076
56993 159446
636847 174489
794036 272152
462137 37482
872042 245150
339655 162497
792296 496660
855835 424385
396458 422358
111245 565100
862266 110250
969628 174329
924311 29687
42941 527337
40652 22922
769255 318278
188725 249512
89488 88526
212749 785779
77436 126486
678507 13739
687300 34811
225778 123518
958032 705286
578277 911452
287076 851365
573516 218201
25666 968424
243467 643524
649823 875777
607164 188459
527646 417525
803917 760347
53220 487074
202180 234640
884237 495211
516931 231765
522280 778025
509051 825747
78653 124981
391178 360436
608783 784261
268491 540853
640446 228252
378541 984780
764199 837280
546758 66622
535526 482897
436719 859467
252773 881654
167854 587295
329150 932163
6391 375253
165620 929945
436150 560124
780511 59647
65577 218565
151638 764577
93228 973346
474334 969337
395560 510142
606774 943437
574585 743269
145117 572445
769278 635366
41572 712665
747472 538480
662186 255015
845609 721941
345453 201068
710785 500957
910231 31158
673655 194473
586036 816070
194520 436967
54714 608610
815821 632000
465313 982268
545997 875599
458377 385132
541743 504949
804018 503731
234409 169300
21299 582000
893048 211735
476187 85554
107217 912962
162405 851900
111380 948852
189376 121549
291752 806532
342457 116437
88701 994392
816269 686685
623085 1738
605652 390682
44443 965481
726554 865321
252588 296812
559102 808148
852768 912776
892560 613654
543608 359513
860838 257541
323709 910722
172482 728978
501045 945981
674372 903679
446540 473606
748131 3185
929746 703941
500306 727405
149446 329993
783469 210450
190547 516227
111460 639367
751261 929826
935547 884963
451162 372981
132931 407907
546485 58369
157202 216127
412521 384354
3407 984664
187862 439634
73031 691379
715738 297553
701725 496636
717072 267261
258010 721266
530591 274874
296982 289882
698334 161481
125701 57429
990599 559380
308619 836366
514271 624228
781992 602228
866146 75576
155202 523895
875846 349917
794769 556809
590908 796985
782896 128604
791166 464437
348274 382544
396376 420980
139699 909634
91736 566447
608262 147215
183721 469175
559665 134349
144706 505750
952681 541946
468059 524053
544181 727706
877547 736206
832828 824683
566741 856260
75231 699416
561848 35481
819923 960067
319372 31267
7543 653168
685230 513278
979949 108369
925923 462789
291698 608473
765083 339324
255247 556099
151890 545996
418785 963357
512667 111691
615441 591340
733968 370915
295702 240214
728675 639951
788463 146797
672550 8510
123366 961589
964356 648036
491747 406820
802283 30131
570750 930716
450353 803277
770648 719261
294387 319833
676819 84235
814075 644425
410562 253507
293005 640887
992224 193356
143310 336640
302605 701480
890494 148936
950893 979602
911239 332076
940062 424796
908270 326045
315241 767781
528972 629812
10801 680020
228007 349434
729558 275885
820444 162060
215047 109830
438324 414341
907594 55767
178480 387579
34529 982514
778918 673044
791245 487584
411834 247647
520720 362769
943936 447990
86363 764248
172833 640289
215828 122274
725966 363125
503822 964520
7267 245532
221828 567154
904389 633607
934733 331533
779836 998928
770650 356850
763406 141248
504895 390477
206764 248797
522742 201950
184733 515
774307 341933
360652 760833
633835 123547
994603 497558
352767 105774
606120 824347
199088 683814
658281 934118
27038 347083
586709 775417
511285 874789
50099 369528
878521 41645
171497 970356
365987 935551
980348 717942
390120 163725
775966 189099
770987 394213
720654 164954
958599 178986
336589 410214
280195 402719
331485 521744
533528 114411
527534 147435
364290 66038
487345 87707
654515 59289
754182 437234
102379 770576
196423 474335
574480 921185
868387 638470
344608 579610
525871 773309
229999 294013
132411 915045
826854 838830
376336 397913
893387 75138
197281 702898
238247 343089
530054 684376
188085 228596
54239 509011
592410 385559
256448 454767
714650 595833
204857 898858
739419 592395
436838 24102
661043 126699
64623 519665
11186 680849
879510 555439
994476 438296
842354 477087
273266 617221
590639 788009
932552 643678
308682 304996
61457 613382
71088 18374
895162 167162
553419 157308
507396 144711
368757 121918
454397 530889
623804 515266
962562 95507
900751 230155
82176 988280
681811 845744
923087 921632
58541 2569
458178 746530
820841 342221
263330 919399
802808 84462
58689 768459
680640 446494
498061 777544
317655 597058
41556 519464
298132 692852
77261 569528
417167 746939
1310 194994
489613 820425
708182 657431
815384 370906
600429 876087
975649 240642
25267 776236
140867 256380
461253 815804
843362 110868
145432 441900
233780 841679
689197 390646
398481 157289
622278 290423
360081 613047
12411 69731
947554 369686
648816 131060
76412 892262
179164 416020
582430 925648
971043 712578
973866 838856
144782 454907
35606 535090
618903 19031
558827 384292
877769 523472
365364 717346
228762 735752
681072 671136
66627 730051
234580 372271
395064 267712
721626 531623
732147 673876
596006 917703
638474 915579
496139 830325
244312 563943
932225 160565
644181 226360
567767 281670
68456 201905
914436 580454
443274 151751
34799 190371
849396 253188
442336 150498
817174 526458
81238 387102
839005 437882
612836 666504
762177 442393
630430 853679
282505 664303
551436 987422
512218 999623
367943 528689
726531 555505
867776 824827
233740 798674
584757 804617
50910 390530
992965 759860
223598 730450
277173 630330
669642 521434
666489 526072
445869 870552
69709 964463
578469 815266
109086 253645
845409 377391
75442 285928
583264 688835
969030 609769
925317 353167
261317 469662
794296 133181
408893 920689
376836 165100
424423 834402
492487 374487
651135 55746
255729 159097
19671 596289
280905 880022
545067 424536
11332 159669
784988 405593
954543 280290
593491 119266
962554 321239
581682 626925
238210 35388
138190 131289
324645 923656
125602 29609
513767 567202
322414 17000
976943 900486
560644 837356
837435 788333
107803 909126
34722 355038
300437 860437
780410 408692
724099 254081
336008 297734
426032 535249
263343 437280
959828 832946
973162 176012
877361 279367
952296 7445
669881 308701
914624 835377
748961 239313
852257 227350
486149 537338
379754 239780
875311 30508
97817 928449
451798 826706
230284 691751
397492 790920
259723 650129
275349 797554
873316 209592
111880 971811
42374 487908
266630 678635
679182 504094
898512 385273
875321 800875
899410 634211
973309 672028
262264 345195
20675 246640
848162 618313
754444 872416
336373 568168
653076 414612
748865 416511
421758 737277
826022 303753
172362 720928
845224 536347
189216 863136
585024 761895
598861 236866
288834 444056
561573 720557
920623 308678
207380 221894
501346 79124
448842 555472
639745 565015
743443 650550
291226 202765
18173 859412
830912 879480
240608 932503
990534 951728
648494 848913
773813 987786
260093 668903
634424 202662
806828 805942
371106 661988
264371 410066
580205 483058
821085 300947
18927 328436
598122 678584
266731 444281
990721 726525
816660 861500
697672 350448
859194 396820
169015 94553
223133 652671
729553 547692
486642 145596
771550 263743
933722 750561
958289 65403
370061 417710
841127 198449
103332 87160
938996 870358
202 308826
423079 297560
63087 72908
963121 286447
74450 151936
85724 747488
263653 249121
303369 633819
357517 792701
330777 361875
896128 823388
978964 195341
703219 781881
426707 992483
98262 602246
237468 705955
257610 262590
662968 984029
312651 838304
809181 813000
729071 643623
770838 797396
120227 535564
279887 476919
723359 376857
960868 852514
473635 500685
470774 142274
145232 736482
316184 328943
296025 945919
197872 122442
899504 917660
442574 369677
342511 122709
603399 161020
294234 630278
610522 863020
603456 805042
862258 581992
468085 513179
138851 147996
643129 118511
683688 921448
732957 49834
765407 619612
474274 551179
859536 301734
413549 878699
37940 6673
396206 721850
112441 655847
74637 200022
887091 935623
710130 825735
306934 373842
284197 929462
788927 823634
214421 847137
331825 324279
748805 389442
731970 900803
959330 244950
212491 40334
585641 53509
348265 730629
116379 523823
638434 943742
675861 269209
6734 202065
180191 495480
391746 632602
32740 93780
394263 867928
873826 435896
878728 587626
543433 805000
965394 754226
941025 119132
210283 713964
868169 942402
238814 285311
45511 260580
886386 860561
466632 301311
557075 896759
743447 941913
733033 42561
163044 677987
117537 406726
554817 826122
182104 202968
56144 544116
858486 322304
253983 124531
893243 794189
304271 955387
53365 858686
12314 3160
484601 927253
450179 157479
883643 969627
145384 338681
798147 602935
68530 111787
227301 869571
38499 937903
405211 487522
821580 243393
790069 29233
487307 931647
127003 111882
419899 263240
755691 167589
642864 817503
389419 897630
466446 205859
449995 7673
291668 536347
414830 72867
808 504213
864653 270203
493068 930929
631653 206074
124294 931015
63039 600181
390216 127141
288600 307894
148633 733232
446713 269346
271510 911678
21005 802806
49664 85611
457517 166788
545513 314543
625402 418710
931736 964203
908987 867809
159838 537081
138831 150051
389893 77610
900553 341231
225960 368776
336628 658176
702849 881262
573152 244021
895180 354251
674189 631621
11935 154271
61754 826435
633352 398612
821410 437538
456953 896203
271554 54642
856219 675614
343538 628246
267639 63005
782777 420693
852327 202815
402199 486691
460801 811381
676021 963871
510026 980632
538004 708386
696008 225531
260929 12509
487618 548637
29961 384157
330099 901128
168072 465738
908501 489935
96722 206582
954589 102560
583001 706722
406419 331906
802565 492620
603846 619463
829098 264268
317690 866834
582513 534573
915046 191271
856292 886305
284108 659215
601038 177939
869784 855519
928602 650097
105214 974718
116147 710316
597555 690485
700495 533557
634662 749886
736238 33357
415345 299716
359910 941924
405470 843796
954321 627741
349495 428793
227714 479682
494564 408071
373229 532915
193684 677224
878572 552153
948676 569029
283080 186894
702281 783332
311877 791020
817000 416717
320368 179161
248308 736588
196065 505896
578685 34693
953121 66207
416200 26107
467854 601744
581247 153608
156110 922555
468714 689179
64067 761025
973835 738295
560951 648202
10989 441482
289442 441618
730999 653413
43590 875837
626456 833856
298977 491089
567617 69668
972433 806855
601810 111480
10289 762255
757909 305684
127034 647070
